octave:40> A
A =

  -3.1623e+00  -3.1623e-01   3.1623e-01   3.1623e+00
  -1.0000e+01  -1.0000e-01   1.0000e-01   1.0000e+01
  -3.1623e+01  -3.1623e-02   3.1623e-02   3.1623e+01
  -1.0000e+02  -1.0000e-02   1.0000e-02   1.0000e+02
  -3.1623e+02  -3.1623e-03   3.1623e-03   3.1623e+02
  -1.0000e+03  -1.0000e-03   1.0000e-03   1.0000e+03
  -3.1623e+03  -3.1568e-04   3.1568e-04   3.1623e+03
  -1.0000e+04  -8.6317e-05   8.6317e-05   1.0000e+04
  -3.1623e+04  -0.0000e+00   0.0000e+00   3.1623e+04
  -1.0000e+05  -0.0000e+00   0.0000e+00   1.0000e+05

octave:41> B
B =

  -3.1623e+00  -3.1623e-01   3.1623e-01   3.1623e+00
  -1.0000e+01  -1.0000e-01   1.0000e-01   1.0000e+01
  -3.1623e+01  -3.1623e-02   3.1623e-02   3.1623e+01
  -1.0000e+02  -1.0000e-02   1.0000e-02   1.0000e+02
  -3.1623e+02  -3.1623e-03   3.1623e-03   3.1623e+02
  -1.0000e+03  -1.0000e-03   1.0000e-03   1.0000e+03
  -3.1623e+03  -3.1623e-04   3.1623e-04   3.1623e+03
  -1.0000e+04  -1.0000e-04   1.0000e-04   1.0000e+04
  -3.1623e+04  -3.1623e-05   3.1623e-05   3.1623e+04
  -1.0000e+05  -1.0000e-05   1.0000e-05   1.0000e+05

octave:42> E1 = abs(A-B)./A
E1 =

  -0.00000  -0.00000   0.00000   0.00000
  -0.00000  -0.00000   0.00000   0.00000
  -0.00000  -0.00000   0.00000   0.00000
  -0.00000  -0.00000   0.00000   0.00000
  -0.00000  -0.00000   0.00000   0.00000
  -0.00000  -0.00000   0.00000   0.00000
  -0.00000  -0.00175   0.00175   0.00000
  -0.00000  -0.15852   0.15852   0.00000
  -0.00000      -Inf       Inf   0.00000
  -0.00000      -Inf       Inf   0.00000

octave:43> E2 = abs(A-B)./B;
octave:44> E2 = abs(A-B)./B
E2 =

  -0.00000  -0.00000   0.00000   0.00000
  -0.00000  -0.00000   0.00000   0.00000
  -0.00000  -0.00000   0.00000   0.00000
  -0.00000  -0.00000   0.00000   0.00000
  -0.00000  -0.00000   0.00000   0.00000
  -0.00000  -0.00000   0.00000   0.00000
  -0.00000  -0.00174   0.00174   0.00000
  -0.00000  -0.13683   0.13683   0.00000
  -0.00000  -1.00000   1.00000   0.00000
  -0.00000  -1.00000   1.00000   0.00000

octave:45> diary off
