octave:2> x = [ -3,5,8,0,1,5,-2,4]
x =

  -3   5   8   0   1   5  -2   4

octave:3> x(6) = 100
x =

    -3     5     8     0     1   100    -2     4

octave:4> x([1:3)] = [5,6,7]
parse error:

  syntax error

>>> x([1:3)] = [5,6,7]
          ^

octave:4> x([1:]) = [5,6,7]
parse error:

  syntax error

>>> x([1:]) = [5,6,7]
        ^

octave:4> x([1:3]) = [5,6,7]
x =

     5     6     7     0     1   100    -2     4

octave:5> 
octave:5> x(4) = []
x =

     5     6     7     1   100    -2     4

octave:6> x([4:7]) = []
x =

   5   6   7

octave:7> x = [ 1,2,3,x]
x =

   1   2   3   5   6   7

octave:8> x = [ x, 10, 11, 12]
x =

    1    2    3    5    6    7   10   11   12

octave:9> 
octave:9> 
octave:9> 
octave:9> %%%%
octave:9> 
octave:9> A = eye(4)
A =

Diagonal Matrix

   1   0   0   0
   0   1   0   0
   0   0   1   0
   0   0   0   1

octave:10> A(1,1)  = A(3,4)
A =

Diagonal Matrix

   0   0   0   0
   0   1   0   0
   0   0   1   0
   0   0   0   1

octave:11> h = ones(4)
h =

   1   1   1   1
   1   1   1   1
   1   1   1   1
   1   1   1   1

octave:12> h = ones(4,1)
h =

   1
   1
   1
   1

octave:13> A = [ h, A]
A =

   1   0   0   0   0
   1   0   1   0   0
   1   0   0   1   0
   1   0   0   0   1

octave:14> A = [ A, h ]
A =

   1   0   0   0   0   1
   1   0   1   0   0   1
   1   0   0   1   0   1
   1   0   0   0   1   1

octave:15> h = h'
h =

   1   1   1   1

octave:16> h ones(1,4)
parse error:

  syntax error

>>> h ones(1,4)
         ^

octave:16> h = ones(1,4)
h =

   1   1   1   1

octave:17> h = ones(1,6)
h =

   1   1   1   1   1   1

octave:18> A = [h;A]
A =

   1   1   1   1   1   1
   1   0   0   0   0   1
   1   0   1   0   0   1
   1   0   0   1   0   1
   1   0   0   0   1   1

octave:19> h = 4*ones(1,4)
h =

   4   4   4   4

octave:20> A(1:) = []
parse error:

  syntax error

>>> A(1:) = []
        ^

octave:20> A(1,:) = []
A =

   1   0   0   0   0   1
   1   0   1   0   0   1
   1   0   0   1   0   1
   1   0   0   0   1   1

octave:21> A = [h,A]
error: horizontal dimensions mismatch (1x4 vs 4x6)
octave:21> 
octave:21> 
octave:21> 
octave:21> 
octave:21> h = 4*ones(4,1)
h =

   4
   4
   4
   4

octave:22> A = [h,A]
A =

   4   1   0   0   0   0   1
   4   1   0   1   0   0   1
   4   1   0   0   1   0   1
   4   1   0   0   0   1   1

octave:23> A = [A,h]
A =

   4   1   0   0   0   0   1   4
   4   1   0   1   0   0   1   4
   4   1   0   0   1   0   1   4
   4   1   0   0   0   1   1   4

octave:24> A(3,:) = []
A =

   4   1   0   0   0   0   1   4
   4   1   0   1   0   0   1   4
   4   1   0   0   0   1   1   4

octave:25> A(:,3) = []
A =

   4   1   0   0   0   1   4
   4   1   1   0   0   1   4
   4   1   0   0   1   1   4

octave:26> 
octave:26> 
octave:26> 
octave:26> 
octave:26> 
octave:26> %*************************************************%
octave:26> 
octave:26> 
octave:26> 
octave:26> 
octave:26> x = [ 1: -0.1 : 0]
x =

   1.00000   0.90000   0.80000   0.70000   0.60000   0.50000   0.40000   0.30000   0.20000   0.10000   0.00000

octave:27> x([1 4 3])
ans =

   1.00000   0.70000   0.80000

octave:28> %%%%%%%%%%%%%%%%%%%%%%%%%%%%%%%%%%%%%%%%%%%%%%%%%%%%%%%%5
octave:28> % DA QUI INIZIA DOPO LA FINE DI QUELLO .2
octave:28> %%%%%%%%%%%%%%%%%%%%%%%%%%%%%%%%%%%%%%%%%%%%%%%%%%%%%%%%
octave:28> 
octave:28> %4
octave:28> f1 = inline("x*(sqrt(x^2+1)-x)")
f1 = f(x) = x*(sqrt(x^2+1)-x)
octave:29> f2 = inline("x*sqrt(x^2+1)-x^2")
f2 = f(x) = x*sqrt(x^2+1)-x^2
octave:30> f3 = inline(" x/(sqrt(x^2+1)+x)")
f3 = f(x) =  x/(sqrt(x^2+1)+x)
octave:31> x = [1:10:1000];
octave:32> y1 = f(x);
error: 'f' undefined near line 1 column 6
octave:32> y1 = f1(x);
error: for A^b, A must be a square matrix. Use .^ for elementwise power.
error: evaluating argument list element number 1
error: called from:
error:    at line -1, column -1
octave:32> f1 = inline("x.*(sqrt(x.^2+1)-x)")
f1 = f(x) = x.*(sqrt(x.^2+1)-x)
octave:33> f2 = inline("x.*sqrt(x.^2+1)-x.^2")
f2 = f(x) = x.*sqrt(x.^2+1)-x.^2
octave:34> f3 = inline(" x./(sqrt(x.^2+1)+x)")
f3 = f(x) =  x./(sqrt(x.^2+1)+x)
octave:35> y1 = f1(x);
octave:36> y2 = f2(x);
octave:37> y3 = f3(x);
octave:38> y1(500)
error: A(I): index out of bounds; value 500 out of bound 100
octave:38> y1(499)
error: A(I): index out of bounds; value 499 out of bound 100
octave:38> size(y1)
ans =

     1   100

octave:39> y1(100)
ans =  0.50000
octave:40> y(100)
error: 'y' undefined near line 1 column 1
octave:40> y2(100)
ans =  0.50000
octave:41> y3(100)
ans =  0.50000
octave:42> 
octave:42> %% i vettori paiono piuttosto simili =) %
octave:42> y1
y1 =

 Columns 1 through 15:

   0.41421   0.49897   0.49972   0.49987   0.49993   0.49995   0.49997   0.49998   0.49998   0.49998   0.49999   0.49999   0.49999   0.49999   0.49999

 Columns 16 through 30:

   0.49999   0.50000   0.50000   0.50000   0.50000   0.50000   0.50000   0.50000   0.50000   0.50000   0.50000   0.50000   0.50000   0.50000   0.50000

 Columns 31 through 45:

   0.50000   0.50000   0.50000   0.50000   0.50000   0.50000   0.50000   0.50000   0.50000   0.50000   0.50000   0.50000   0.50000   0.50000   0.50000

 Columns 46 through 60:

   0.50000   0.50000   0.50000   0.50000   0.50000   0.50000   0.50000   0.50000   0.50000   0.50000   0.50000   0.50000   0.50000   0.50000   0.50000

 Columns 61 through 75:

   0.50000   0.50000   0.50000   0.50000   0.50000   0.50000   0.50000   0.50000   0.50000   0.50000   0.50000   0.50000   0.50000   0.50000   0.50000

 Columns 76 through 90:

   0.50000   0.50000   0.50000   0.50000   0.50000   0.50000   0.50000   0.50000   0.50000   0.50000   0.50000   0.50000   0.50000   0.50000   0.50000

 Columns 91 through 100:

   0.50000   0.50000   0.50000   0.50000   0.50000   0.50000   0.50000   0.50000   0.50000   0.50000

octave:43> 
octave:43> 
octave:43> 
octave:43> 
octave:43> 
octave:43> 
octave:43> y2
y2 =

 Columns 1 through 15:

   0.41421   0.49897   0.49972   0.49987   0.49993   0.49995   0.49997   0.49998   0.49998   0.49998   0.49999   0.49999   0.49999   0.49999   0.49999

 Columns 16 through 30:

   0.49999   0.50000   0.50000   0.50000   0.50000   0.50000   0.50000   0.50000   0.50000   0.50000   0.50000   0.50000   0.50000   0.50000   0.50000

 Columns 31 through 45:

   0.50000   0.50000   0.50000   0.50000   0.50000   0.50000   0.50000   0.50000   0.50000   0.50000   0.50000   0.50000   0.50000   0.50000   0.50000

 Columns 46 through 60:

   0.50000   0.50000   0.50000   0.50000   0.50000   0.50000   0.50000   0.50000   0.50000   0.50000   0.50000   0.50000   0.50000   0.50000   0.50000

 Columns 61 through 75:

   0.50000   0.50000   0.50000   0.50000   0.50000   0.50000   0.50000   0.50000   0.50000   0.50000   0.50000   0.50000   0.50000   0.50000   0.50000

 Columns 76 through 90:

   0.50000   0.50000   0.50000   0.50000   0.50000   0.50000   0.50000   0.50000   0.50000   0.50000   0.50000   0.50000   0.50000   0.50000   0.50000

 Columns 91 through 100:

   0.50000   0.50000   0.50000   0.50000   0.50000   0.50000   0.50000   0.50000   0.50000   0.50000

octave:44> 
octave:44> 
octave:44> y3
y3 =

 Columns 1 through 15:

   0.41421   0.49897   0.49972   0.49987   0.49993   0.49995   0.49997   0.49998   0.49998   0.49998   0.49999   0.49999   0.49999   0.49999   0.49999

 Columns 16 through 30:

   0.49999   0.50000   0.50000   0.50000   0.50000   0.50000   0.50000   0.50000   0.50000   0.50000   0.50000   0.50000   0.50000   0.50000   0.50000

 Columns 31 through 45:

   0.50000   0.50000   0.50000   0.50000   0.50000   0.50000   0.50000   0.50000   0.50000   0.50000   0.50000   0.50000   0.50000   0.50000   0.50000

 Columns 46 through 60:

   0.50000   0.50000   0.50000   0.50000   0.50000   0.50000   0.50000   0.50000   0.50000   0.50000   0.50000   0.50000   0.50000   0.50000   0.50000

 Columns 61 through 75:

   0.50000   0.50000   0.50000   0.50000   0.50000   0.50000   0.50000   0.50000   0.50000   0.50000   0.50000   0.50000   0.50000   0.50000   0.50000

