octave:83> 
octave:83> x = [ -3, 5, 8, 0, 1, 5, -2, 4 ]
x =

  -3   5   8   0   1   5  -2   4

octave:84> x[6] = 100
parse error:

  syntax error

>>> x[6] = 100
     ^

octave:84> x(6) = 100
x =

    -3     5     8     0     1   100    -2     4

octave:85> x(1:3) = [ 5, 6, 7]
x =

     5     6     7     0     1   100    -2     4

octave:86> x(4) = []
x =

     5     6     7     1   100    -2     4

octave:87> x(4:7) = []
x =

   5   6   7

octave:88> x = [1,2,3,x]
x =

   1   2   3   5   6   7

octave:89> x = [x, 10, 11, 12]
x =

    1    2    3    5    6    7   10   11   12

octave:90> 
octave:90> 
octave:90> %PPPP%
octave:90> 
octave:90> A = eye(4)
A =

Diagonal Matrix

   1   0   0   0
   0   1   0   0
   0   0   1   0
   0   0   0   1

octave:91> A(1,1) = A(3,4)
A =

Diagonal Matrix

   0   0   0   0
   0   1   0   0
   0   0   1   0
   0   0   0   1

octave:92> A = [[ones(4)'|A]
> ]
A =

   1   1   1   1
   1   1   1   1
   1   1   1   1
   1   1   1   1

octave:93> ones(4)
ans =

   1   1   1   1
   1   1   1   1
   1   1   1   1
   1   1   1   1

octave:94> ones(4,1)
ans =

   1
   1
   1
   1

octave:95> A = [[ones(4,1)'|A]
> ]
warning: mx_el_or: automatic broadcasting operation applied
A =

   1   1   1   1
   1   1   1   1
   1   1   1   1
   1   1   1   1

octave:96> A = eye(4)
A =

Diagonal Matrix

   1   0   0   0
   0   1   0   0
   0   0   1   0
   0   0   0   1

octave:97> A(1,1) = 0
A =

Diagonal Matrix

   0   0   0   0
   0   1   0   0
   0   0   1   0
   0   0   0   1

octave:98> A = [[ones(4,1)'|A]]
warning: mx_el_or: automatic broadcasting operation applied
A =

   1   1   1   1
   1   1   1   1
   1   1   1   1
   1   1   1   1

octave:99> clear
octave:100> A = eye(4)
A =

Diagonal Matrix

   1   0   0   0
   0   1   0   0
   0   0   1   0
   0   0   0   1

octave:101> A(1,1) = 0
A =

Diagonal Matrix

   0   0   0   0
   0   1   0   0
   0   0   1   0
   0   0   0   1

octave:102> 
octave:102> A = [ ones(4,1) ; A]
error: vertical dimensions mismatch (4x1 vs 4x4)
octave:102> A = [ ones(4,1)' ; A]
A =

   1   1   1   1
   0   0   0   0
   0   1   0   0
   0   0   1   0
   0   0   0   1

octave:103> A = eye(4)
A =

Diagonal Matrix

   1   0   0   0
   0   1   0   0
   0   0   1   0
   0   0   0   1

octave:104> A(1,1) = 0
A =

Diagonal Matrix

   0   0   0   0
   0   1   0   0
   0   0   1   0
   0   0   0   1

octave:105> B = A
B =

Diagonal Matrix

   0   0   0   0
   0   1   0   0
   0   0   1   0
   0   0   0   1

octave:106> B = [ones(1,4)', B]
B =

   1   0   0   0   0
   1   0   1   0   0
   1   0   0   1   0
   1   0   0   0   1

octave:107> B = [ones(4,1)', B]
error: horizontal dimensions mismatch (1x4 vs 4x5)
octave:107> B = [ones(4,1), B]
B =

   1   1   0   0   0   0
   1   1   0   1   0   0
   1   1   0   0   1   0
   1   1   0   0   0   1

octave:108> A = [ ones(4,1), A]
A =

   1   0   0   0   0
   1   0   1   0   0
   1   0   0   1   0
   1   0   0   0   1

octave:109> A = [ A, ones(4,1) ]
A =

   1   0   0   0   0   1
   1   0   1   0   0   1
   1   0   0   1   0   1
   1   0   0   0   1   1

octave:110> A = [ A, 4*ones(4,1) ]
A =

   1   0   0   0   0   1   4
   1   0   1   0   0   1   4
   1   0   0   1   0   1   4
   1   0   0   0   1   1   4

octave:111> A = [ 4*ones(4,1),A ]
A =

   4   1   0   0   0   0   1   4
   4   1   0   1   0   0   1   4
   4   1   0   0   1   0   1   4
   4   1   0   0   0   1   1   4

octave:112> A(3,:) = []
A =

   4   1   0   0   0   0   1   4
   4   1   0   1   0   0   1   4
   4   1   0   0   0   1   1   4

octave:113> A(:,3) = []
A =

   4   1   0   0   0   1   4
   4   1   1   0   0   1   4
   4   1   0   0   1   1   4

octave:114> %PPPP%
octave:114> 
octave:114> x = [1: -0.1 : 0]
x =

 Columns 1 through 7:

   1.00000   0.90000   0.80000   0.70000   0.60000   0.50000   0.40000

 Columns 8 through 11:

   0.30000   0.20000   0.10000   0.00000

octave:115> x([ 1 4 3 ])
ans =

   1.00000   0.70000   0.80000

octave:116> % preleva gli elementi di indice contenuto nel vettore
octave:116> % contenuto nell'argomento
octave:116> 
octave:116> x ([1:2:7 10]) = zeros(1,5)
x =

 Columns 1 through 7:

   0.00000   0.90000   0.00000   0.70000   0.00000   0.50000   0.00000

 Columns 8 through 11:

   0.30000   0.20000   0.00000   0.00000

octave:117> x ([1:2:7 10]) 
ans =

   0   0   0   0   0

octave:118> x = [1: -0.1 : 0]
x =

 Columns 1 through 7:

   1.00000   0.90000   0.80000   0.70000   0.60000   0.50000   0.40000

 Columns 8 through 11:

   0.30000   0.20000   0.10000   0.00000

octave:119> x ([1:2:7 10]) 
ans =

   1.000000   0.800000   0.600000   0.400000   0.100000

octave:120> x ([1:2:7 10]) = zeros(1,5)
x =

 Columns 1 through 7:

   0.00000   0.90000   0.00000   0.70000   0.00000   0.50000   0.00000

 Columns 8 through 11:

   0.30000   0.20000   0.00000   0.00000

octave:121> % azzera gli elementi da 1 a 7 con passo 2 e l'elemento 10
octave:121> 
octave:121> x([1 2 5]) = [0.5*ones(1,2) -0.3]
x =

 Columns 1 through 7:

   0.50000   0.50000   0.00000   0.70000  -0.30000   0.50000   0.00000

 Columns 8 through 11:

   0.30000   0.20000   0.00000   0.00000

octave:122> x[0.5*ones(1,2) -0.3]
parse error:

  syntax error

>>> x[0.5*ones(1,2) -0.3]
     ^

octave:122> [0.5*ones(1,2) -0.3]
ans =

   0.50000   0.50000  -0.30000

octave:123> y = x(end:-1:1)
y =

 Columns 1 through 7:

   0.00000   0.00000   0.20000   0.30000   0.00000   0.50000  -0.30000

 Columns 8 through 11:

   0.70000   0.00000   0.50000   0.50000

octave:124> 
octave:124> 
octave:124> 
octave:124> %*************************%
octave:124> 
octave:124> f1 = inline(" (1+1/n)^n ");
octave:125> f2 = inline(" 4*n/(n+2) ");
octave:126> f3 = inline(" log(1+(n/(n+1))^(1/2)) ");
octave:127> 
octave:127> x = 1:2:1000;
octave:128> ef1 = abs(e^x-f1(x))
error: for x^A, A must be a square matrix. Use .^ for elementwise power.
error: evaluating argument list element number 1
octave:128> ef1 = abs(e^.x-f1(x))
parse error:

  syntax error

>>> ef1 = abs(e^.x-f1(x))
                ^

octave:128> ef1 = abs(e.^x-f1(x))
error: operator /: nonconformant arguments (op1 is 1x1, op2 is 1x500)
error: called from:
error:    at line -1, column -1
error: evaluating argument list element number 1
octave:128> f1 = inline(" (1+1/n)^n ");
octave:129> f1 = inline(" (1+1./n)^n ");
octave:130> f2 = inline(" 4*n./(n+2) ");
octave:131> f3 = inline(" log(1+(n./(n+1))^(1/2)) ");
octave:132> ef1 = abs(e.^x-f1(x))
error: can't do A ^ B for A and B both matrices
error: called from:
error:    at line -1, column -1
error: evaluating argument list element number 1
octave:132> f1 = inline(" (1+1./n).^n ");
octave:133> ef1 = abs(e.^x-f1(x))
ef1 =

 Columns 1 through 5:

    7.1828e-01    1.7715e+01    1.4592e+02    1.0941e+03    8.1005e+03

 Columns 6 through 10:

    5.9872e+04    4.4241e+05    3.2690e+06    2.4155e+07    1.7848e+08

 Columns 11 through 15:

    1.3188e+09    9.7448e+09    7.2005e+10    5.3205e+11    3.9313e+12

 Columns 16 through 20:

    2.9049e+13    2.1464e+14    1.5860e+15    1.1719e+16    8.6593e+16

 Columns 21 through 25:

    6.3984e+17    4.7278e+18    3.4934e+19    2.5813e+20    1.9073e+21

 Columns 26 through 30:

    1.4093e+22    1.0414e+23    7.6948e+23    5.6857e+24    4.2012e+25

 Columns 31 through 35:

    3.1043e+26    2.2938e+27    1.6949e+28    1.2524e+29    9.2538e+29

 Columns 36 through 40:

    6.8377e+30    5.0524e+31    3.7332e+32    2.7585e+33    2.0383e+34

 Columns 41 through 45:

    1.5061e+35    1.1129e+36    8.2230e+36    6.0760e+37    4.4896e+38

 Columns 46 through 50:

    3.3174e+39    2.4512e+40    1.8112e+41    1.3383e+42    9.8890e+42

 Columns 51 through 55:

    7.3071e+43    5.3992e+44    3.9895e+45    2.9479e+46    2.1782e+47

 Columns 56 through 60:

    1.6095e+48    1.1893e+49    8.7875e+49    6.4931e+50    4.7978e+51

 Columns 61 through 65:

    3.5451e+52    2.6195e+53    1.9356e+54    1.4302e+55    1.0568e+56

