oc_solutions =

   0.00000 + 3.16228i
   0.00000 - 3.16228i
   0.00000 + 0.31623i
   0.00000 - 0.31623i

oc_solutions =

    0.00000 +  3.16228i
    0.00000 -  3.16228i
    0.00000 +  0.31623i
    0.00000 -  0.31623i
   -0.00000 + 10.00000i
   -0.00000 - 10.00000i
    0.00000 +  0.10000i
    0.00000 -  0.10000i

oc_solutions =

    0.000000 +  3.162278i
    0.000000 -  3.162278i
    0.000000 +  0.316228i
    0.000000 -  0.316228i
   -0.000000 + 10.000000i
   -0.000000 - 10.000000i
    0.000000 +  0.100000i
    0.000000 -  0.100000i
    0.000000 + 31.622777i
    0.000000 - 31.622777i
    0.000000 +  0.031623i
    0.000000 -  0.031623i

oc_solutions =

   1.3263e-16 + 3.1623e+00i
   1.3263e-16 - 3.1623e+00i
   7.9689e-18 + 3.1623e-01i
   7.9689e-18 - 3.1623e-01i
  -1.0192e-17 + 1.0000e+01i
  -1.0192e-17 - 1.0000e+01i
   5.5375e-20 + 1.0000e-01i
   5.5375e-20 - 1.0000e-01i
   1.9597e-17 + 3.1623e+01i
   1.9597e-17 - 3.1623e+01i
   2.1435e-19 + 3.1623e-02i
   2.1435e-19 - 3.1623e-02i
  -2.4633e-16 + 1.0000e+02i
  -2.4633e-16 - 1.0000e+02i
   6.3796e-23 + 1.0000e-02i
   6.3796e-23 - 1.0000e-02i

oc_solutions =

   1.3263e-16 + 3.1623e+00i
   1.3263e-16 - 3.1623e+00i
   7.9689e-18 + 3.1623e-01i
   7.9689e-18 - 3.1623e-01i
  -1.0192e-17 + 1.0000e+01i
  -1.0192e-17 - 1.0000e+01i
   5.5375e-20 + 1.0000e-01i
   5.5375e-20 - 1.0000e-01i
   1.9597e-17 + 3.1623e+01i
   1.9597e-17 - 3.1623e+01i
   2.1435e-19 + 3.1623e-02i
   2.1435e-19 - 3.1623e-02i
  -2.4633e-16 + 1.0000e+02i
  -2.4633e-16 - 1.0000e+02i
   6.3796e-23 + 1.0000e-02i
   6.3796e-23 - 1.0000e-02i
   8.3301e-15 + 3.1623e+02i
   8.3301e-15 - 3.1623e+02i
  -1.6851e-24 + 3.1623e-03i
  -1.6851e-24 - 3.1623e-03i

oc_solutions =

   1.3263e-16 + 3.1623e+00i
   1.3263e-16 - 3.1623e+00i
   7.9689e-18 + 3.1623e-01i
   7.9689e-18 - 3.1623e-01i
  -1.0192e-17 + 1.0000e+01i
  -1.0192e-17 - 1.0000e+01i
   5.5375e-20 + 1.0000e-01i
   5.5375e-20 - 1.0000e-01i
   1.9597e-17 + 3.1623e+01i
   1.9597e-17 - 3.1623e+01i
   2.1435e-19 + 3.1623e-02i
   2.1435e-19 - 3.1623e-02i
  -2.4633e-16 + 1.0000e+02i
  -2.4633e-16 - 1.0000e+02i
   6.3796e-23 + 1.0000e-02i
   6.3796e-23 - 1.0000e-02i
   8.3301e-15 + 3.1623e+02i
   8.3301e-15 - 3.1623e+02i
  -1.6851e-24 + 3.1623e-03i
  -1.6851e-24 - 3.1623e-03i
   3.9031e-16 + 1.0000e+03i
   3.9031e-16 - 1.0000e+03i
  -1.6939e-21 + 1.0000e-03i
  -1.6939e-21 - 1.0000e-03i

oc_solutions =

   1.3263e-16 + 3.1623e+00i
   1.3263e-16 - 3.1623e+00i
   7.9689e-18 + 3.1623e-01i
   7.9689e-18 - 3.1623e-01i
  -1.0192e-17 + 1.0000e+01i
  -1.0192e-17 - 1.0000e+01i
   5.5375e-20 + 1.0000e-01i
   5.5375e-20 - 1.0000e-01i
   1.9597e-17 + 3.1623e+01i
   1.9597e-17 - 3.1623e+01i
   2.1435e-19 + 3.1623e-02i
   2.1435e-19 - 3.1623e-02i
  -2.4633e-16 + 1.0000e+02i
  -2.4633e-16 - 1.0000e+02i
   6.3796e-23 + 1.0000e-02i
   6.3796e-23 - 1.0000e-02i
   8.3301e-15 + 3.1623e+02i
   8.3301e-15 - 3.1623e+02i
  -1.6851e-24 + 3.1623e-03i
  -1.6851e-24 - 3.1623e-03i
   3.9031e-16 + 1.0000e+03i
   3.9031e-16 - 1.0000e+03i
  -1.6939e-21 + 1.0000e-03i
  -1.6939e-21 - 1.0000e-03i
  -2.6729e-14 + 3.1623e+03i
  -2.6729e-14 - 3.1623e+03i
  -1.2360e-26 + 3.1623e-04i
  -1.2360e-26 - 3.1623e-04i

oc_solutions =

   1.3263e-16 + 3.1623e+00i
   1.3263e-16 - 3.1623e+00i
   7.9689e-18 + 3.1623e-01i
   7.9689e-18 - 3.1623e-01i
  -1.0192e-17 + 1.0000e+01i
  -1.0192e-17 - 1.0000e+01i
   5.5375e-20 + 1.0000e-01i
   5.5375e-20 - 1.0000e-01i
   1.9597e-17 + 3.1623e+01i
   1.9597e-17 - 3.1623e+01i
   2.1435e-19 + 3.1623e-02i
   2.1435e-19 - 3.1623e-02i
  -2.4633e-16 + 1.0000e+02i
  -2.4633e-16 - 1.0000e+02i
   6.3796e-23 + 1.0000e-02i
   6.3796e-23 - 1.0000e-02i
   8.3301e-15 + 3.1623e+02i
   8.3301e-15 - 3.1623e+02i
  -1.6851e-24 + 3.1623e-03i
  -1.6851e-24 - 3.1623e-03i
   3.9031e-16 + 1.0000e+03i
   3.9031e-16 - 1.0000e+03i
  -1.6939e-21 + 1.0000e-03i
  -1.6939e-21 - 1.0000e-03i
  -2.6729e-14 + 3.1623e+03i
  -2.6729e-14 - 3.1623e+03i
  -1.2360e-26 + 3.1623e-04i
  -1.2360e-26 - 3.1623e-04i
  -1.0514e-13 + 1.0000e+04i
  -1.0514e-13 - 1.0000e+04i
  -1.7807e-26 + 1.0000e-04i
  -1.7807e-26 - 1.0000e-04i

oc_solutions =

   1.3263e-16 + 3.1623e+00i
   1.3263e-16 - 3.1623e+00i
   7.9689e-18 + 3.1623e-01i
   7.9689e-18 - 3.1623e-01i
  -1.0192e-17 + 1.0000e+01i
  -1.0192e-17 - 1.0000e+01i
   5.5375e-20 + 1.0000e-01i
   5.5375e-20 - 1.0000e-01i
   1.9597e-17 + 3.1623e+01i
   1.9597e-17 - 3.1623e+01i
   2.1435e-19 + 3.1623e-02i
   2.1435e-19 - 3.1623e-02i
  -2.4633e-16 + 1.0000e+02i
  -2.4633e-16 - 1.0000e+02i
   6.3796e-23 + 1.0000e-02i
   6.3796e-23 - 1.0000e-02i
   8.3301e-15 + 3.1623e+02i
   8.3301e-15 - 3.1623e+02i
  -1.6851e-24 + 3.1623e-03i
  -1.6851e-24 - 3.1623e-03i
   3.9031e-16 + 1.0000e+03i
   3.9031e-16 - 1.0000e+03i
  -1.6939e-21 + 1.0000e-03i
  -1.6939e-21 - 1.0000e-03i
  -2.6729e-14 + 3.1623e+03i
  -2.6729e-14 - 3.1623e+03i
  -1.2360e-26 + 3.1623e-04i
  -1.2360e-26 - 3.1623e-04i
  -1.0514e-13 + 1.0000e+04i
  -1.0514e-13 - 1.0000e+04i
  -1.7807e-26 + 1.0000e-04i
  -1.7807e-26 - 1.0000e-04i
  -5.2736e-15 + 3.1623e+04i
  -5.2736e-15 - 3.1623e+04i
   1.8493e-27 + 3.1623e-05i
   1.8493e-27 - 3.1623e-05i

oc_solutions =

   1.3263e-16 + 3.1623e+00i
   1.3263e-16 - 3.1623e+00i
   7.9689e-18 + 3.1623e-01i
   7.9689e-18 - 3.1623e-01i
  -1.0192e-17 + 1.0000e+01i
  -1.0192e-17 - 1.0000e+01i
   5.5375e-20 + 1.0000e-01i
   5.5375e-20 - 1.0000e-01i
   1.9597e-17 + 3.1623e+01i
   1.9597e-17 - 3.1623e+01i
   2.1435e-19 + 3.1623e-02i
   2.1435e-19 - 3.1623e-02i
  -2.4633e-16 + 1.0000e+02i
  -2.4633e-16 - 1.0000e+02i
   6.3796e-23 + 1.0000e-02i
   6.3796e-23 - 1.0000e-02i
   8.3301e-15 + 3.1623e+02i
   8.3301e-15 - 3.1623e+02i
  -1.6851e-24 + 3.1623e-03i
  -1.6851e-24 - 3.1623e-03i
   3.9031e-16 + 1.0000e+03i
   3.9031e-16 - 1.0000e+03i
  -1.6939e-21 + 1.0000e-03i
  -1.6939e-21 - 1.0000e-03i
  -2.6729e-14 + 3.1623e+03i
  -2.6729e-14 - 3.1623e+03i
  -1.2360e-26 + 3.1623e-04i
  -1.2360e-26 - 3.1623e-04i
  -1.0514e-13 + 1.0000e+04i
  -1.0514e-13 - 1.0000e+04i
  -1.7807e-26 + 1.0000e-04i
  -1.7807e-26 - 1.0000e-04i
  -5.2736e-15 + 3.1623e+04i
  -5.2736e-15 - 3.1623e+04i
   1.8493e-27 + 3.1623e-05i
   1.8493e-27 - 3.1623e-05i
  -1.0196e-12 + 1.0000e+05i
  -1.0196e-12 - 1.0000e+05i
  -4.2199e-30 + 1.0000e-05i
  -4.2199e-30 - 1.0000e-05i

