octave:84> 
octave:84> 
octave:84> 
octave:84> 
octave:84> a = -5:1:9
a =

  -5  -4  -3  -2  -1   0   1   2   3   4   5   6   7   8   9

octave:85> M = max(a)
M =  9
octave:86> m = min(a)
m = -5
octave:87> Ma = max(abs(a))
Ma =  9
octave:88> ma = min(abs(a))
ma = 0
octave:89> sum(a)
ans =  30
octave:90> sum(abs(a))
ans =  60
octave:91> inline f1 = (" ((x+1)^2 -1 )/x ")
error: unterminated character string constant
parse error:

  syntax error

>>> inline f1 = (" ((x+1)^2 -1 )/x ")
                                    ^

octave:91> inline f1 = (" ((x+1)^2 -1 )/x ");
error: unterminated character string constant
parse error:

  syntax error

>>> inline f1 = (" ((x+1)^2 -1 )/x ");
                                     ^

octave:91> f1 = inline (" ((x+1)^2 -1 )/x ");
octave:92> f2 = inline (" x+2 ");
octave:93> a = 1:0.1:0;
octave:94> x1 = f1(a);
error: for A^b, A must be a square matrix. Use .^ for elementwise power.
error: called from:
error:    at line -1, column -1
octave:94> f1 = inline (" ((x+1).^2 -1 )/x ");
octave:95> x1 = f1(a);
octave:96> x2 = f2(a);
octave:97> 
octave:97> x1
x1 = 0
octave:98> x2
x2 = [](1x0)
octave:99> a
a = [](1x0)
octave:100> a = 1:-0.1:0;
octave:101> x1 = f1(a);
octave:102> x2 = f2(a);
octave:103> x1
x1 =  2.78571428571429
octave:104> x2
x2 =

 Columns 1 through 7:

    3.00000000000000    2.90000000000000    2.80000000000000    2.70000000000000    2.60000000000000    2.50000000000000    2.40000000000000

 Columns 8 through 11:

    2.30000000000000    2.20000000000000    2.10000000000000    2.00000000000000

octave:105> f1 = inline (" ((x+1)^2 -1 )/x ");
octave:106> x1 = f1(a);
error: for A^b, A must be a square matrix. Use .^ for elementwise power.
error: called from:
error:    at line -1, column -1
octave:106> f1 = inline (" ((x+1)^2 -1 )./x ");
octave:107> x1 = f1(a);
error: for A^b, A must be a square matrix. Use .^ for elementwise power.
error: called from:
error:    at line -1, column -1
octave:107> f1 = inline (" ((x+1).^2 -1 )./x ");
octave:108> x1 = f1(a);
octave:109> x1
x1 =

 Columns 1 through 7:

   3.00000000000000   2.90000000000000   2.80000000000000   2.70000000000000   2.60000000000000   2.50000000000000   2.40000000000000

 Columns 8 through 11:

   2.30000000000000   2.20000000000000   2.10000000000000                NaN

octave:110> x2
x2 =

 Columns 1 through 7:

    3.00000000000000    2.90000000000000    2.80000000000000    2.70000000000000    2.60000000000000    2.50000000000000    2.40000000000000

 Columns 8 through 11:

    2.30000000000000    2.20000000000000    2.10000000000000    2.00000000000000

octave:111> f1
f1 = f(x) =  ((x+1).^2 -1 )./x 
octave:112> f2
f2 = f(x) =  x+2 
octave:113> x1
x1 =

 Columns 1 through 7:

   3.00000000000000   2.90000000000000   2.80000000000000   2.70000000000000   2.60000000000000   2.50000000000000   2.40000000000000

 Columns 8 through 11:

   2.30000000000000   2.20000000000000   2.10000000000000                NaN

octave:114> x2
x2 =

 Columns 1 through 7:

    3.00000000000000    2.90000000000000    2.80000000000000    2.70000000000000    2.60000000000000    2.50000000000000    2.40000000000000

 Columns 8 through 11:

    2.30000000000000    2.20000000000000    2.10000000000000    2.00000000000000

octave:115> e = abs(x1-x2)
e =

 Columns 1 through 6:

   0.00000000000000e+00   0.00000000000000e+00   4.44089209850063e-16   4.44089209850063e-16   8.88178419700125e-16   0.00000000000000e+00

 Columns 7 through 11:

   4.44089209850063e-16   1.33226762955019e-15   0.00000000000000e+00   1.77635683940025e-15                    NaN

octave:116> a
a =

 Columns 1 through 7:

    1.000000000000000    0.900000000000000    0.800000000000000    0.700000000000000    0.600000000000000    0.500000000000000    0.400000000000000

 Columns 8 through 11:

    0.300000000000000    0.200000000000000    0.100000000000000    0.000000000000000

octave:117> x1-x2
ans =

 Columns 1 through 6:

   0.00000000000000e+00   0.00000000000000e+00   4.44089209850063e-16  -4.44089209850063e-16   8.88178419700125e-16   0.00000000000000e+00

 Columns 7 through 11:

  -4.44089209850063e-16   1.33226762955019e-15   0.00000000000000e+00  -1.77635683940025e-15                    NaN

octave:118> x1
x1 =

 Columns 1 through 7:

   3.00000000000000   2.90000000000000   2.80000000000000   2.70000000000000   2.60000000000000   2.50000000000000   2.40000000000000

 Columns 8 through 11:

   2.30000000000000   2.20000000000000   2.10000000000000                NaN

octave:119> x2
x2 =

 Columns 1 through 7:

    3.00000000000000    2.90000000000000    2.80000000000000    2.70000000000000    2.60000000000000    2.50000000000000    2.40000000000000

 Columns 8 through 11:

    2.30000000000000    2.20000000000000    2.10000000000000    2.00000000000000

octave:120> x1'
ans =

   3.00000000000000
   2.90000000000000
   2.80000000000000
   2.70000000000000
   2.60000000000000
   2.50000000000000
   2.40000000000000
   2.30000000000000
   2.20000000000000
   2.10000000000000
                NaN

octave:121> x2'
ans =

   3.00000000000000
   2.90000000000000
   2.80000000000000
   2.70000000000000
   2.60000000000000
   2.50000000000000
   2.40000000000000
   2.30000000000000
   2.20000000000000
   2.10000000000000
   2.00000000000000

octave:122> x2-x1
ans =

 Columns 1 through 6:

   0.00000000000000e+00   0.00000000000000e+00  -4.44089209850063e-16   4.44089209850063e-16  -8.88178419700125e-16   0.00000000000000e+00

 Columns 7 through 11:

   4.44089209850063e-16  -1.33226762955019e-15   0.00000000000000e+00   1.77635683940025e-15                    NaN

octave:123> format long
octave:124> x1
x1 =

 Columns 1 through 7:

   3.00000000000000   2.90000000000000   2.80000000000000   2.70000000000000   2.60000000000000   2.50000000000000   2.40000000000000

 Columns 8 through 11:

   2.30000000000000   2.20000000000000   2.10000000000000                NaN

octave:125> x1'
ans =

   3.00000000000000
   2.90000000000000
   2.80000000000000
   2.70000000000000
   2.60000000000000
   2.50000000000000
   2.40000000000000
   2.30000000000000
   2.20000000000000
   2.10000000000000
                NaN

octave:126> x2'
ans =

   3.00000000000000
   2.90000000000000
   2.80000000000000
   2.70000000000000
   2.60000000000000
   2.50000000000000
   2.40000000000000
   2.30000000000000
   2.20000000000000
   2.10000000000000
   2.00000000000000

octave:127> x2-x1
ans =

 Columns 1 through 6:

   0.00000000000000e+00   0.00000000000000e+00  -4.44089209850063e-16   4.44089209850063e-16  -8.88178419700125e-16   0.00000000000000e+00

 Columns 7 through 11:

   4.44089209850063e-16  -1.33226762955019e-15   0.00000000000000e+00   1.77635683940025e-15                    NaN

octave:128> format short
octave:129> x2-x1
