pt20_1 =

 Columns 1 through 8:

   1.3679   1.4317   1.4354   1.4230   1.4123   1.4086   1.4113   1.4186

 Columns 9 through 16:

   1.4281   1.4385   1.4488   1.4587   1.4684   1.4778   1.4872   1.4968

 Columns 17 through 24:

   1.5066   1.5167   1.5271   1.5378   1.5487   1.5599   1.5712   1.5828

 Columns 25 through 32:

   1.5946   1.6066   1.6188   1.6313   1.6440   1.6570   1.6703   1.6838

 Columns 33 through 40:

   1.6977   1.7118   1.7262   1.7408   1.7558   1.7711   1.7866   1.8025

 Columns 41 through 48:

   1.8187   1.8353   1.8521   1.8694   1.8869   1.9048   1.9231   1.9418

 Columns 49 through 56:

   1.9608   1.9802   2.0000   2.0202   2.0408   2.0618   2.0833   2.1052

 Columns 57 through 64:

   2.1275   2.1503   2.1735   2.1972   2.2214   2.2461   2.2712   2.2969

 Columns 65 through 72:

   2.3231   2.3498   2.3771   2.4049   2.4333   2.4623   2.4919   2.5220

 Columns 73 through 80:

   2.5527   2.5841   2.6161   2.6487   2.6820   2.7159   2.7506   2.7861

 Columns 81 through 88:

   2.8222   2.8591   2.8967   2.9349   2.9739   3.0136   3.0540   3.0953

 Columns 89 through 96:

   3.1376   3.1811   3.2261   3.2725   3.3200   3.3678   3.4144   3.4576

 Columns 97 through 101:

   3.4955   3.5276   3.5591   3.6081   3.7183

